Naive Bayes:

Partition    Accuracy        Precision(a)        Precision(b)        Recall(a)        Recall(b)
1            0.5236768802    0.525862069         0.5226337449        0.3446327684     0.6978021978
2            0.5264623955    0.5289356198        0.525210084         0.3615819209     0.6868131868
3            0.5348189415    0.5416666667        0.5313807531        0.3672316384     0.6978021978
4            0.504178273     0.4946236559        0.507518797         0.2598870056     0.7417582418
5            0.504178273     0.4965517241        0.5093457944        0.406779661      0.5989010989
6            0.504178273     0.4946236559        0.507518797         0.2598870056     0.7417582418
7            0.5125348189    0.5106382979        0.5132075472        0.2711864407     0.7472527473
8            0.5125348189    0.51                0.5135135135        0.2881355932     0.7307692308
9            0.5069637883    0.5                 0.5102880658        0.3276836158     0.6813186813
10           0.5376044568    0.549549549         0.5322580645        0.3446327684     0.7252747253



SMO:

Partition    Accuracy        Precision(a)        Precision(b)        Recall(a)        Recall(b)
1            0.5292479109    0.5240963855        0.5336787565        0.4915254237     0.5659340659
2            0.5348189415    0.5297619048        0.5392670157        0.5028248588     0.5659340659
3            0.5292479109    0.5263157895        0.5314009662        0.4519774011     0.6043956044
4            0.5153203343    0.5104895105        0.5185185185        0.4124293785     0.6153846154 
5            0.5125348189    0.5061728395        0.5177664975        0.4632768362     0.5604395604
6            0.504178273     0.4965034965        0.5092592593        0.4011299435     0.6043956044
7            0.5236768802    0.5217391304        0.5248868778        0.406779661      0.6373626374
8            0.5013927577    0.4926470588        0.5067264574        0.5726495726     0.6208791209
9            0.5181058496    0.5142857143        0.5205479452        0.6153846154     0.6263736264
10           0.5487465181    0.5572519084        0.5438596491        0.4124293785     0.6813186813



J48 Decision Trees:

Partition    Accuracy        Precision(a)        Precision(b)        Recall(a)        Recall(b)
1            0.5264623955    0.5220125786        0.53                0.4689265537     0.5824175824
2            0.5431754875    0.5414012739        0.5445544554        0.4802259887     0.6043956044
3            0.504178273     0.4967320261        0.5097087379        0.4293785311     0.5769230769
4            0.4902506964    0.4805194805        0.4975609756        0.418079096      0.5604395604
5            0.5208913649    0.5165562914        0.5240384615        0.4406779661     0.5989010989
6            0.495821727     0.4882352941        0.5026455026        0.4689265537     0.521978022
7            0.5153203343    0.5095541401        0.5198019802        0.4519774011     0.5769230769
8            0.5125348189    0.5064102564        0.5172413793        0.4463276836     0.5769230769
9            0.5264623955    0.5231788079        0.5288461538        0.4463276836     0.6043956044
10           0.5403899721    0.537037037         0.5431472081        0.4915254237     0.5879120879



P-values:
Bayes and SMO = 0.077738153954439435
SMO and J48  = 0.35231324803886566
Bayes and J48 = 0.86826303823174944
